9.5617884 -4.0575 0.23805745
9.3232535 -4.1725 0.25429834
9.0933058 -4.2875 0.28294217
8.8179721 -4.4025 0.28274159
8.4886394 -4.5175 0.26842621
8.1881945 -4.6325 0.26898165
7.9419421 -4.7475 0.27079872
7.7345018 -4.8625 0.27445359
7.5525255 -4.9775 0.27535238
7.4125555 -5.0925 0.27533809
7.3172108 -5.2075 0.27423838
7.2688041 -5.3225 0.27436875
7.2417735 -5.4375 0.271983
7.2271608 -5.5525 0.27319292
7.2145118 -5.6675 0.27361515
7.1979274 -5.7825 0.27741617
7.1674608 -5.8975 0.2783625
7.1250915 -6.0125 0.2835023
7.0595168 -6.1275 0.28763194
6.9717098 -6.2425 0.29204261
6.8745068 -6.3575 0.29660331
6.7721758 -6.4725 0.29999878
6.6752068 -6.5875 0.30029993
6.5944624 -6.7025 0.30226489
6.5309898 -6.8175 0.29983075
6.4857771 -6.9325 0.29703204
6.4600321 -7.0475 0.29275059
6.4562751 -7.1625 0.28905573
6.4687828 -7.2775 0.28903164
6.4985335 -7.3925 0.28755715
6.5396521 -7.5075 0.28640323
6.5880398 -7.6225 0.28585229
6.6372688 -7.7375 0.28545972
6.6868435 -7.8525 0.28892035
6.7376358 -7.9675 0.28471126
6.7748074 -8.0825 0.28913183
6.8078488 -8.1975 0.28699763
6.8166421 -8.3125 0.29054919
6.8221148 -8.4275 0.28949549
6.8102361 -8.5425 0.30499217
6.7920291 -8.6575 0.3056778
6.7718038 -8.7725 0.30734742
6.7524661 -8.8875 0.30745361
6.7379901 -9.0025 0.30628959
6.7273558 -9.1175 0.30449848
6.7212841 -9.2325 0.30544941
6.7187851 -9.3475 0.3071106
6.7256521 -9.4625 0.30242462
6.7389005 -9.5775 0.30454137
6.7487734 -9.6925 0.30199285
6.7603405 -9.8075 0.30509876
6.7653544 -9.9225 0.30580568
6.7700901 -10.0375 0.31178135
6.7694991 -10.1525 0.31181273
6.7714488 -10.2675 0.31827442
6.7614248 -10.3825 0.31862695
6.7590984 -10.4975 0.31689059
6.7621118 -10.6125 0.31883607
6.7664794 -10.7275 0.31432679
6.7816478 -10.8425 0.31170225
6.7983411 -10.9575 0.30888276
6.8189608 -11.0725 0.31440341
6.8484891 -11.1875 0.30950239
6.8753938 -11.3025 0.31459352
6.8968601 -11.4175 0.31781353
6.9204215 -11.5325 0.31564712
6.9322268 -11.6475 0.31744288
6.9306871 -11.7625 0.32145132
6.9316428 -11.8775 0.31878826
6.9181234 -11.9925 0.31632186
6.8930648 -12.1075 0.32082226
6.8709454 -12.2225 0.32043392
6.8479558 -12.3375 0.32036709
6.8154984 -12.4525 0.31815218
6.7815988 -12.5675 0.31924288
6.7538655 -12.6825 0.32093006
6.7153761 -12.7975 0.31399617
6.6756278 -12.9125 0.30894614
6.6248668 -13.0275 0.30121948
6.5713324 -13.1425 0.29614096
6.5103891 -13.2575 0.29396006
6.4480791 -13.3725 0.28965582
6.3779998 -13.4875 0.28496999
6.2937394 -13.6025 0.27688883
6.2097831 -13.7175 0.27316006
6.1302414 -13.8325 0.26436335
6.0473058 -13.9475 0.25735565
5.9643025 -14.0625 0.25857273
5.8841281 -14.1775 0.25362051
5.8047968 -14.2925 0.25437464
5.7261144 -14.4075 0.26072324
5.6540005 -14.5225 0.25372231
5.5737271 -14.6375 0.26282337
5.4933085 -14.7525 0.26723394
5.4074511 -14.8675 0.27592772
5.3210391 -14.9825 0.2740535
5.2299068 -15.0975 0.27831014
5.1375108 -15.2125 0.28382326
5.0415511 -15.3275 0.28834683
4.9399765 -15.4425 0.29527971
4.8403181 -15.5575 0.29836064
4.7381101 -15.6725 0.3070901
4.6379348 -15.7875 0.3126077
4.5354681 -15.9025 0.3161157
4.4317318 -16.0175 0.31791741
4.3319285 -16.1325 0.32111014
4.2354511 -16.2475 0.31793414
4.1426764 -16.3625 0.31515328
4.0550238 -16.4775 0.31370299
3.9730808 -16.5925 0.3097534
3.8982351 -16.7075 0.30106517
3.8342558 -16.8225 0.2962148
3.7753271 -16.9375 0.2829564
3.7268261 -17.0525 0.27670092
3.6828055 -17.1675 0.26847225
3.6428174 -17.2825 0.25929989
3.6073218 -17.3975 0.25817154
3.5642075 -17.5125 0.25396922
3.5212671 -17.6275 0.25816538
3.4732851 -17.7425 0.26576454
3.4226759 -17.8575 0.27390562
3.3715995 -17.9725 0.27651052
3.3163818 -18.0875 0.27848674
3.2612223 -18.2025 0.27836298
3.1923667 -18.3175 0.28174462
3.1194317 -18.4325 0.28341347
3.0425961 -18.5475 0.28760533
2.9581455 -18.6625 0.29108738
2.8720787 -18.7775 0.2849126
2.7927129 -18.8925 0.27795589
2.715653 -19.0075 0.27037862
2.6528916 -19.1225 0.25787847
2.5976843 -19.2375 0.24320444
2.5459165 -19.3525 0.23170616
2.499293 -19.4675 0.22044544
2.4618328 -19.5825 0.2131065
2.4193821 -19.6975 0.2028425
2.3903507 -19.8125 0.20241869
2.3522283 -19.9275 0.18765887
2.3044965 -20.0425 0.16052225
2.2362673 -20.1575 0.13543672
2.1530807 -20.2725 0.11618572
2.053206 -20.3875 0.10520314
1.9548137 -20.5025 0.094615225
1.8702834 -20.6175 0.0860577
1.7961 -20.7325 0.072313814
1.7227005 -20.8475 0.055507765
1.6468958 -20.9625 0.038130056
1.5557628 -21.0775 0.032277408
1.45989 -21.1925 0.032855904
1.3647784 -21.3075 0.031089936
1.287956 -21.4225 0.024769878
1.2361233 -21.5375 0.017241877
1.2083024 -21.6525 0.0083811582
1.2020393 -21.7675 0.0073783858
1.2129206 -21.8825 0.018271094

