9.5148059 -4.0575 0.34188526
9.3064712 -4.1725 0.34000133
9.1028679 -4.2875 0.34952591
8.8222572 -4.4025 0.37899202
8.5256556 -4.5175 0.40687574
8.2776246 -4.6325 0.42042491
8.0934002 -4.7475 0.41333535
7.9488556 -4.8625 0.41532305
7.8208132 -4.9775 0.40365014
7.7043506 -5.0925 0.38753054
7.6035866 -5.2075 0.37419711
7.5148322 -5.3225 0.35763683
7.4336646 -5.4375 0.35529844
7.3749146 -5.5525 0.35415112
7.3372952 -5.6675 0.34401726
7.3177242 -5.7825 0.35459867
7.2926262 -5.8975 0.35902272
7.2472419 -6.0125 0.35934052
7.1793539 -6.1275 0.36173383
7.0882146 -6.2425 0.36799146
6.9820886 -6.3575 0.37067814
6.8688712 -6.4725 0.37572415
6.7664012 -6.5875 0.3805807
6.6833746 -6.7025 0.37824897
6.6217162 -6.8175 0.38166044
6.5866149 -6.9325 0.38262016
6.5727639 -7.0475 0.37960855
6.5763169 -7.1625 0.37831486
6.6008929 -7.2775 0.37533331
6.6321552 -7.3925 0.37259681
6.6736012 -7.5075 0.37445748
6.7231049 -7.6225 0.36987594
6.7789169 -7.7375 0.3623608
6.8264506 -7.8525 0.36162944
6.8785602 -7.9675 0.35939309
6.9190819 -8.0825 0.36058225
6.9563429 -8.1975 0.3637115
6.9756002 -8.3125 0.35535863
6.9744362 -8.4275 0.35862301
6.9687199 -8.5425 0.36422441
6.9483652 -8.6575 0.3690707
6.9180219 -8.7725 0.37749931
6.8930816 -8.8875 0.37700663
6.8565912 -9.0025 0.38540509
6.8249532 -9.1175 0.38158555
6.8044002 -9.2325 0.38137369
6.7871356 -9.3475 0.38752248
6.7889282 -9.4625 0.38242936
6.7904206 -9.5775 0.38247113
6.7981639 -9.6925 0.38229385
6.8049189 -9.8075 0.38132708
6.8076762 -9.9225 0.39011819
6.8023926 -10.0375 0.38652283
6.7983349 -10.1525 0.39387933
6.7872892 -10.2675 0.39557048
6.7736876 -10.3825 0.39285682
6.7647182 -10.4975 0.39084838
6.7579212 -10.6125 0.3886089
6.7583826 -10.7275 0.38251555
6.7553826 -10.8425 0.38000371
6.7694516 -10.9575 0.37377883
6.7913812 -11.0725 0.36546856
6.8176909 -11.1875 0.36202636
6.8437056 -11.3025 0.36150332
6.8686492 -11.4175 0.3613642
6.8934059 -11.5325 0.36636778
6.9037386 -11.6475 0.3584205
6.9172769 -11.7625 0.36240164
6.9152229 -11.8775 0.36397283
6.9045262 -11.9925 0.35747479
6.8801966 -12.1075 0.36377522
6.8568162 -12.2225 0.35102918
6.8318969 -12.3375 0.35407258
6.7991966 -12.4525 0.34110306
6.7698346 -12.5675 0.34380711
6.7402732 -12.6825 0.33908432
6.6904909 -12.7975 0.32980006
6.6490516 -12.9125 0.32775288
6.5928282 -13.0275 0.31845984
6.5319902 -13.1425 0.31829314
6.4606942 -13.2575 0.30655871
6.3778882 -13.3725 0.30163701
6.2998729 -13.4875 0.28586348
6.2196399 -13.6025 0.27629096
6.1501556 -13.7175 0.25993057
6.0779956 -13.8325 0.24988477
6.0071406 -13.9475 0.22906335
5.9544402 -14.0625 0.21977509
5.8938392 -14.1775 0.2069189
5.8367092 -14.2925 0.20325556
5.7734192 -14.4075 0.19511664
5.7057429 -14.5225 0.19190117
5.6404386 -14.6375 0.17794813
5.5694682 -14.7525 0.16571834
5.4978449 -14.8675 0.15438912
5.4093036 -14.9825 0.13372981
5.3243656 -15.0975 0.12194341
5.2380532 -15.2125 0.1098567
5.1436356 -15.3275 0.094780561
5.0516629 -15.4425 0.082788168
4.9593902 -15.5575 0.072106326
4.8565942 -15.6725 0.071196012
4.7610692 -15.7875 0.06330396
4.6664566 -15.9025 0.057899325
4.5662279 -16.0175 0.061279589
4.4742619 -16.1325 0.056314722
4.3850566 -16.2475 0.053146297
4.3010869 -16.3625 0.050553935
4.2209169 -16.4775 0.046664962
4.1460136 -16.5925 0.044754577
4.0816106 -16.7075 0.046326343
4.0212322 -16.8225 0.047034857
3.9679639 -16.9375 0.041812272
3.9172376 -17.0525 0.039716789
3.8710659 -17.1675 0.038985213
3.8313879 -17.2825 0.041989615
3.7892932 -17.3975 0.040905148
3.7478919 -17.5125 0.039909208
3.6999146 -17.6275 0.029478783
3.6513126 -17.7425 0.020125577
3.6015819 -17.8575 0.022340337
3.5437036 -17.9725 0.011717911
3.4844792 -18.0875 0.01919232
3.4072706 -18.2025 0.025663636
3.3281466 -18.3175 0.025606361
3.2368426 -18.4325 0.041293944
3.1418367 -18.5475 0.047815318
3.037467 -18.6625 0.060002678
2.9203011 -18.7775 0.073189474
2.7976822 -18.8925 0.084531174
2.6661762 -19.0075 0.094416538
2.5263282 -19.1225 0.094618503
2.3952258 -19.2375 0.087093305
2.2956046 -19.3525 0.074560131
2.2194352 -19.4675 0.060150019
2.1764589 -19.5825 0.054533747
2.1522724 -19.6975 0.057242997
2.1411639 -19.8125 0.069269087
2.1339975 -19.9275 0.086977513
2.1219839 -20.0425 0.096848135
2.1024714 -20.1575 0.10803036
2.0774182 -20.2725 0.11286158
2.0445359 -20.3875 0.12393304
2.0099419 -20.5025 0.12454449
1.9739713 -20.6175 0.11085457
1.9232327 -20.7325 0.095843068
1.8659435 -20.8475 0.072274562
1.7838065 -20.9625 0.056193183
1.6743044 -21.0775 0.046608344
1.5588109 -21.1925 0.035188701
1.4463094 -21.3075 0.031082743
1.3477355 -21.4225 0.023116102
1.2701725 -21.5375 0.013310574
1.2182912 -21.6525 0.0058032974
1.1878536 -21.7675 0.0043139309
1.1830683 -21.8825 0.015298645

