93.233031 120 0
93.233031 119.14286 0
93.233031 118.28571 0
93.233031 117.42857 0
93.233031 116.57143 0
93.233031 115.71429 0
93.233031 114.85714 0
93.233031 114 0
93.233031 113.14286 0
93.233031 112.28571 0
93.233031 111.42857 0
93.233031 110.57143 0
93.233031 109.71429 0
93.233031 108.85714 0
93.233031 108 0
93.233031 107.14286 0
93.233031 106.28571 0
93.233031 105.42857 0
93.233031 104.57143 0
93.233031 103.71429 0
93.233031 102.85714 0
93.233031 102 0
93.233031 101.14286 0
93.233031 100.28571 0
93.233031 99.428571 0
93.233031 98.571429 0
93.233031 97.714286 0
93.233031 96.857143 0
93.233031 96 0
93.233031 95.142857 0
93.233031 94.285714 0
93.233031 93.428571 0
93.233031 92.571429 0
93.233031 91.714286 0
93.233031 90.857143 0
93.233031 90 0
93.233031 89.142857 0
93.233031 88.285714 0
93.233031 87.428571 0
93.233031 86.571429 0
93.233031 85.714286 0
93.233031 84.857143 0
93.233031 84 0
93.233031 83.142857 0
93.233031 82.285714 0
93.233031 81.428571 0
93.233031 80.571429 0
93.233031 79.714286 0
93.233031 78.857143 0
93.233031 78 0
93.233031 77.142857 0
93.233031 76.285714 0
93.233031 75.428571 0
93.233031 74.571429 0
93.233031 73.714286 0
93.233031 72.857143 0
93.233031 72 0
93.233031 71.142857 0
93.233031 70.285714 0
93.233031 69.428571 0
93.233031 68.571429 0
93.233031 67.714286 0
93.233031 66.857143 0
93.233031 66 0
93.233031 65.142857 0
93.233031 64.285714 0
93.233031 63.428571 0
93.233031 62.571429 0
93.233031 61.714286 0
93.233031 60.857143 0
93.233031 60 0
93.233031 59.142857 0
93.233031 58.285714 0
93.233031 57.428571 0
93.233031 56.571429 0
93.233031 55.714286 0
93.233031 54.857143 0
93.233031 54 0
93.233031 53.142857 0
93.233031 52.285714 0
93.233031 51.428571 0
93.233031 50.571429 0
93.233031 49.714286 0
93.233031 48.857143 0
1.8952511 48 0.40027977
0.71732377 47.142857 0.26369008
0.47275129 46.285714 0.1522853
0.38150459 45.428571 0.098123627
0.36130116 44.571429 0.0086469664
0.33683427 43.714286 0.16176603
0.38117289 42.857143 0.12565074
0.51672963 42 0.050372975
0.46338323 41.142857 0.16907876
0.45222253 40.285714 0.12041201
0.45653399 39.428571 0.053050081
0.39543678 38.571429 0.056466996
0.4060857 37.714286 0.088539108
0.53287209 36.857143 0.1119062
0.36377437 36 0.16244275
0.41522858 35.142857 0.20393637
0.36760963 34.285714 0.015215374
0.18693141 33.428571 0.017070317
0.42678933 32.571429 0.028601368
0.26413721 31.714286 0.073263846
0.27500902 30.857143 0.10933373
0.24702482 30 0.12037031
0.3536872 29.142857 0.074388306
0.19640536 28.285714 0.10809428
0.14916974 27.428571 0.088682295
0.25748513 26.571429 0.058093697
0.22060796 25.714286 0.1601684
0.16732095 24.857143 0.061544695
0.28517094 24 0.072565817
0.11475513 23.142857 0.039831414
0.092298666 22.285714 0.056369176
0.10933122 21.428571 0.0686515
0.20852777 20.571429 0.18491503
0.23708775 19.714286 0.16475759
0.19130677 18.857143 0.15239224
0.19749047 18 0.084725635
0.38515057 17.142857 0.078066498
0.61908098 16.285714 0.10715176
1.2540772 15.428571 0.099612598
62.966467 14.571429 42.803384
93.233031 13.714286 0
93.233031 12.857143 0
93.233031 12 0
32.343881 11.142857 43.055244
-0.22530518 10.285714 0.13302698
-2.1383119 9.4285714 0.05768573
-1.5045357 8.5714286 0.13388992
93.233031 7.7142857 0
93.233031 6.8571429 0
-0.75663373 6 0.060028042
-2.1075341 5.1428571 0.088951792
-0.89921895 4.2857143 0.094167112
-1.1333001 3.4285714 0.30296885
1.6906657 2.5714286 0.64522585
93.233031 1.7142857 0
1.4015001 0.85714286 0.20388731
-2.2614466 -0 0.050043103
-0.82414686 -0.85714286 0.24636424
0.73287576 -1.7142857 0.55298493
0.41984826 -2.5714286 0.75673053
62.691011 -3.4285714 43.192939
1.8380887 -4.2857143 0.25748158
1.5264047 -5.1428571 0.24539571
0.7362619 -6 0.062704283
0.78640886 -6.8571429 0.084566027
1.0188299 -7.7142857 0.33481052
0.76190951 -8.5714286 0.080839881
0.8896491 -9.4285714 0.020824654
0.79034365 -10.285714 0.23341585
0.67663112 -11.142857 0.10151913
0.30162334 -12 0.073725469
0.16697568 -12.857143 0.094123694
-0.08839688 -13.714286 0.14111826
-0.16899745 -14.571429 0.1101295
-0.29419395 -15.428571 0.082739838
-0.47875346 -16.285714 0.11310067
-0.66447085 -17.142857 0.10988153
-0.69649849 -18 0.079901627
-0.79149884 -18.857143 0.15283121
-0.86830446 -19.714286 0.091938592
-0.83268238 -20.571429 0.10226911
-0.75649012 -21.428571 0.092675113
-0.63536183 -22.285714 0.10357332
-0.51996268 -23.142857 0.13533083
-0.30712737 -24 0.11482414
-0.19209495 -24.857143 0.04071608
-0.19577358 -25.714286 0.13002239
-0.062551348 -26.571429 0.096107453
-0.063138404 -27.428571 0.034220428
-0.07416305 -28.285714 0.075533506
0.039139731 -29.142857 0.10399941
0.056737616 -30 0.12081443
0.015624712 -30.857143 0.087054536
0.084041608 -31.714286 0.084354031
0.038119709 -32.571429 0.11920048
0.17923419 -33.428571 0.04438451
-0.029934781 -34.285714 0.17931965
0.085985644 -35.142857 0.15560076
-0.039576844 -36 0.061199114
-0.01315003 -36.857143 0.1288731
-0.065517477 -37.714286 0.073438108
-0.14116983 -38.571429 0.13463565
-0.13537119 -39.428571 0.12726828
-0.13871801 -40.285714 0.090700088
-0.27644636 -41.142857 0.18004493
-0.35552538 -42 0.18837882
-0.35649249 -42.857143 0.19682177
-0.44235474 -43.714286 0.11394848
-0.59955004 -44.571429 0.17983322
-0.68076409 -45.428571 0.16783745
-0.76478427 -46.285714 0.13879312
-0.79186521 -47.142857 0.14448202
-0.86984144 -48 0.18239811
-0.88598001 -48.857143 0.11419885
-0.84354889 -49.714286 0.15021566
-0.81570836 -50.571429 0.15628737
-0.75326108 -51.428571 0.14271377
-0.77767361 -52.285714 0.12999538
-0.69166586 -53.142857 0.14254944
-0.68596019 -54 0.12050626
-0.68997484 -54.857143 0.13132237
-0.69739487 -55.714286 0.05197957
-0.58678052 -56.571429 0.13689202
-0.52650255 -57.428571 0.12331663
-0.44345239 -58.285714 0.13284394
-0.39819938 -59.142857 0.11240775
-0.33088388 -60 0.097714992
-0.24952504 -60.857143 0.045076421
-0.18180495 -61.714286 0.14503779
-0.17312088 -62.571429 0.14006595
-0.12372304 -63.428571 0.11900069
-0.13230862 -64.285714 0.056227101
-0.021817944 -65.142857 0.046942905
-0.077446001 -66 0.1099345
-0.037216959 -66.857143 0.080279467
-0.080365046 -67.714286 0.042557897
-0.066873713 -68.571429 0.084758837
-0.098432831 -69.428571 0.029833116
-0.17315681 -70.285714 0.061173363
-0.13100688 -71.142857 0.039173084
-0.035327835 -72 0.14131177
-0.13736596 -72.857143 0.018616358
-0.10925236 -73.714286 0.037530878
-0.024702478 -74.571429 0.081125902
0.077874313 -75.428571 0.11486254
0.1057162 -76.285714 0.020227556
0.041505848 -77.142857 0.097496014
0.23699966 -78 0.096194525
0.17401136 -78.857143 0.12899182
0.085093242 -79.714286 0.11511969
0.11708963 -80.571429 0.14083594
0.16142826 -81.428571 0.20304643
0.13067874 -82.285714 0.030928386
0.15886435 -83.142857 0.064848566
0.1755246 -84 0.1776864
0.13614134 -84.857143 0.1142454
0.11125138 -85.714286 0.083339313
0.19469718 -86.571429 0.16602059
0.21254205 -87.428571 0.18266249
0.10533964 -88.285714 0.17088623
0.1161885 -89.142857 0.15181786
0.10730657 -90 0.10957581
0.20472932 -90.857143 0.12994796
0.22049213 -91.714286 0.03095905
0.26353234 -92.571429 0.13259683
0.21670726 -93.428571 0.14122884
0.30161463 -94.285714 0.10671879
0.40325508 -95.142857 0.1118458
0.32620606 -96 0.089188813
0.32319333 -96.857143 0.10455537
0.43948237 -97.714286 0.18271552
0.25348062 -98.571429 0.068695949
0.35770009 -99.428571 0.054908238
0.34169702 -100.28571 0.074767936
0.36874182 -101.14286 0.12686383
0.36965961 -102 0.099020464
0.32759074 -102.85714 0.12838863
0.33380062 -103.71429 0.17403528
0.4475937 -104.57143 0.16553589
0.33123671 -105.42857 0.11916245
0.35192938 -106.28571 0.10224677
0.54658097 -107.14286 0.16493425
0.43322865 -108 0.093902831
0.50055239 -108.85714 0.045056964
0.47590846 -109.71429 0.16227243
0.36325113 -110.57143 0.09918073
0.61335436 -111.42857 0.12833346
2.0466883 -112.28571 0.54680899
93.233031 -113.14286 0
93.233031 -114 0
93.233031 -114.85714 0
93.233031 -115.71429 0
93.233031 -116.57143 0
93.233031 -117.42857 0
93.233031 -118.28571 0
-5.7669691 -119.14286 0

